8 6 7 0 0 1 0 0 9 0 4 0 10 0 0 12
10 13 0 11 0 0 0 6 5 0 15 0 0 0 0 0
0 1 12 0 0 0 0 0 8 0 7 2 6 5 0 0
0 14 4 0 11 0 10 16 0 13 3 0 0 0 7 0
0 2 0 0 10 0 0 13 6 0 0 9 1 0 5 0
14 0 3 0 6 0 2 0 4 8 0 13 0 16 12 0
4 0 16 8 0 0 0 1 0 7 10 0 0 6 0 0
9 10 0 0 5 0 7 12 15 0 0 11 14 2 0 4
0 0 0 14 0 16 6 0 11 2 0 0 5 12 0 8
0 0 5 6 1 2 0 3 10 0 0 4 0 0 0 0
0 0 2 0 8 14 0 10 0 5 12 0 0 0 6 0
0 15 0 12 9 0 13 11 0 0 1 0 0 14 0 0
5 0 0 4 0 11 0 0 0 0 8 3 2 0 0 0
0 0 0 3 7 0 4 0 12 15 0 0 0 9 14 0
1 9 0 2 0 0 14 0 0 0 0 0 0 3 15 0
15 0 0 0 13 0 0 0 7 0 0 0 4 11 0 1