4 0 8 11 3 0 0 0 0 15 16 0 6 0 0 0
14 0 0 0 0 0 0 0 0 3 0 0 9 0 0 16
0 2 0 0 14 13 0 16 8 0 9 1 12 4 0 0
0 0 5 0 15 0 2 4 0 0 0 13 0 0 0 0
1 6 7 0 0 15 0 8 0 4 0 10 0 0 0 0
15 0 4 0 0 5 0 9 0 11 0 0 0 14 16 0
0 0 13 0 0 0 0 11 0 0 8 0 0 0 0 12
0 0 0 0 0 4 7 6 13 0 0 0 0 1 9 15
0 0 0 1 0 12 4 0 0 0 0 0 0 2 0 6
11 14 12 0 8 0 0 0 0 0 0 0 10 3 1 5
0 15 0 0 0 0 0 0 0 8 0 5 0 0 14 0
0 3 0 0 0 0 14 0 2 13 0 16 11 0 0 0
0 0 0 14 0 0 5 1 3 0 2 0 0 0 0 0
0 9 11 0 0 3 0 0 0 6 0 14 16 0 0 0
0 0 0 0 16 0 0 0 10 0 1 0 0 13 0 0
0 0 0 0 0 0 0 0 12 0 15 4 2 0 0 0